# Clusters' ADD, Bonamente et al., astro-ph/0512349
#
# cluster name        z   DA [Mpc]  +err    -err    ne0 [cm^-3]     ne0_err     beta    beta_err     rc_out [arcsec]      rc_out_err     f   f_err   rc_in [arcsec]   rc_in_err     N [1.e-25 g cm^-3]      N_err   rs  [arcsec]    rs_err   R_vir [arcsec; 200.0xbackground w/ h=0.715; Omega_Lambda=0.69]
#
Abell 1413          0.142   780.    180.    -130.   3.66e-2     0.535e-2    0.531   0.016   39.3    4.1    0.76     0.02   6.5  1.4     0.47    0.425   121.     49.    604.72
Abell 2204          0.152   610.    60.     -70.    2.01e-1     0.105e-1    0.710   0.28    67.4    1.9     0.96    0.0035  7.5     0.3     0.92    0.225   120.    15.5    769.84
Abell 2259          0.164   580.    290.    -250.   9.29e-3     2.34e-3     0.56    0.0245  41.0    3.35    0.  0.  1.  1.  0.65    0.845   141.    105.5    789.53
Abell 586           0.171   520.    150.    -120.   1.83e-2     0.23e-2     0.627   0.015   32.     1.55    0.  0.  1.  1.  1.78    1.51    102.    33.    832.72
Abell 1914          0.171   440.    40.     -50.    1.72e-2     0.105e-2    0.899   0.0095  68.3    0.85    0.008   0.013   6.6     0.7     5.79    2.225   81.     12.5    1028.75
Abell 2218          0.176   660.    140.    -110.   7.02e-3     0.66e-3     0.739   0.0155  68.3    1.9     0.  0.  1.  1.  1.02    0.65    110.    28.5    726.63
Abell 665           0.182   660.    90.     -100.   9.13e-3     1.2e-3      0.73    0.0155  64.4    1.75    0.11    0.09    3.2     0.65    0.18    0.115   340.    118.    1163.43
Abell 1689          0.183   650.    90.     -90.    4.054e-2    0.31e-2     0.873   0.04    104.9   5.3     0.87    0.01    21.7    0.95    2.68    1.18    75.     14.5    710.58
Abell 2163          0.202   520.    40.     -50.    1.09e-2     0.065e-2    0.56    0.0045  66.8    0.85    0.022   0.0295  4.0     1.0     0.26    0.105   390.    69.5    1520.75
Abell 773           0.217   980.    170.    -140.   8.04e-3     0.66e-2     0.564   0.021   40.2    2.25    0.  0.  1.  1.  1.22    1.43    54.0    29.5    375.25
Abell 2261          0.224   730.    200.    -130.   4.16e-2     0.585e-2    0.628   0.0235  37.8    5.85    0.77    0.045   10.0    1.8     1.36    0.85    68.     20.    490.85
Abell 2111          0.229   640.    200.    -170.   5.99e-3     0.92e-3     0.6     0.0255  50.4    3.65    0.  0.  1.  1.  0.47    1.56    172.    230.5    829.52
Abell 267           0.23    600.    110.    -90.    1.17e-2     0.105e-2    0.698   0.0305  40.9    2.8     0.  0.  1.  1.  2.02    2.14    75.     40.5    626.74
RX J2129.7+0005     0.235   460.    110.    -80.    1.78e-1     0.215e-1    0.588   0.0135  26.1    2.95    0.91    0.01    3.6     0.45    3.04    1.535   84.     18.    816.71
Abell 1835          0.252   1070.   20.     -80.    1.1e-1      0.035e-1    0.798   0.015   63.7    1.55    0.94    0.001   9.3     0.2     0.28    0.065   150.    11.    589.05
Abell 68            0.255   630.    160.    -190.   8.89e-3     1.43e-3     0.693   0.027   47.8    2.9     0.  0.  1.  1.  3.29    5.055   70.     44.5    695.2
Abell 697           0.282   880.    300.    -230.   9.82e-3     1.415e-3    0.584   0.015   41.6    1.75    0.  0.  1.  1.  0.76    1.11    93.     49.    525.88
Abell 611           0.288   780.    180.    -180.   5.27e-2     0.985e-2    0.6     0.011   22.5    1.4     0.66    0.075   2.8     0.35    1.73    1.385   64.     13.5    492.28
ZW 3146             0.291   830.    20.     20.     1.7e-1      0.025e-1    0.668   0.0045  25.5    0.55    0.881   0.0035  4.4     0.1     0.66    0.065   121.    5.    646.18
Abell 1995          0.322   1190.   150.    -140.   9.35e-3     0.65e-3     1.298   0.079   83.5    5.4     0.462   0.033   31.2    3.25    0.07    0.05    359.    161.    812.15
MS 1358.4+6245      0.327   1130.   90.     -100.   9.62e-2     0.785e-2    0.675   0.0165  37.2    1.8     0.934   0.003   3.3     0.2     0.58    0.2     90.     22.    450.61
Abell 370           0.375   1080.   190.    -200.   5.33e-3     0.49e-3     0.740   0.0315  55.6    2.85    0.  0.  1.  1.  1.63    1.335   51.     17.    369.29
MACS J2228.5+2036   0.412   1220.   240.    -230.   1.24e-2     0.125e-2    0.519   0.0135  21.7    1.35    0.  0.  1.  1.  0.41    0.72    101.    76.5    427.13
RX J1347.5-1145     0.451   960.    60.     -80.    2.81e-1     0.14e-1     0.631   0.0085  22.9    1.6     0.942   0.004   3.9     0.15        4.57    0.96    47.     5.    484.64
MACS J2214.9-1359   0.483   1440.   270.    -230.   1.35e-2     0.13e-2     0.615   0.018   22.8    1.25    0.  0.  1.  1.  0.66    0.955   64.     47.    313.8
MACS J1311.0-0310   0.49    1380.   470.    -370.   3.93e-2     0.635e-2    0.613   0.021   9.3     0.7     0.  0.  1.  1.  7.59    12.45   19.     28.    232.74
CL 0016+1609        0.541   1380.   220.    -220.   1.4e-2      0.165e-2    0.761   0.0345  47.8    3.75    0.48    0.05    10.3    3.45    0.1     0.1     225.    164.5    527.67
MACS J1149.5+2223   0.544   800.    190.    -160.   8.53e-3     0.965e-2    0.673   0.021   42.8    2.25    0.  0.  1.  1.  0.74    1.78    110.    37.5    547.72
MACS J1423.8+2504   0.545   1490.   60.     -30.    1.6e-1      0.06e-1     0.721   0.01    36.7    0.8     0.975   0.001   4.2     0.1     1.83    0.045   33.     1.    231.19
MS 0451.6-0305      0.55    1420.   260.    -230.   1.26e-2     0.105e-2    0.777   0.019   34.5    1.1     0.  0.  1.  1.  0.27    0.37    110.    59.5    373.18
MACS J2129.4-0741   0.57    1330.   370.    -280.   1.71e-2     0.2e-2      0.626   0.028   19.7    1.5     0.  0.  1.  1.  6.05    11.16   20.     15.5    217.09
MS 2053.7-0449      0.583   2480.   410.    -440.   9.22e-3     1.e-3       0.522   0.045   10.8    1.8     0.  0.  1.  1.  0.26    0.815   40.     43.    131.78
MACS J0647.7+7015   0.584   770.    210.    -180.   2.19e-2     0.295e-2    0.653   0.018   19.9    1.2     0.  0.  1.  1.  12.01   12.54   36.     17.5    501.55
MACS J0744.8+3927   0.686   1680.   480.    -380.   1.14e-1     0.185e-1    0.635   0.044   25.8    4.7     0.93    0.01    3.4     0.65    0.27    0.53    94. 76.5    299.64
MS 1137.5+6625      0.784   2850.   520.    -630.   1.26e-2     0.135e-2    0.667   0.0435  14.2    1.4     0.  0.  1.  1.  1.73    4.355   16.     13.5    98.37
RX J1716.4+6708     0.813   1040.   510.    -430.   1.94e-2     0.505e-2    0.589   0.0385  12.3    1.85    0.  0.  1.  1.  0.34    1.84    146.    325.5    479.07
MS 1054.5-0321      0.826   1330.   280.    -260.   6.15e-3     0.635e-3    1.791   0.1785  83.7    6.1     0.  0.  1.  1.  0.04    0.05    666.    465.    978.69
CL J1226.9+3332     0.89    1080.   420.    -280.   3.01e-2     0.455e-2    0.715   0.038   15.8    1.35    0.  0.  1.  1.  4.09    6.495   46.     38.5    372.8
